{
 "cells": [
  {
   "cell_type": "markdown",
   "metadata": {},
   "source": [
    "# Generating Random Correlation Matrix\n",
    "\n",
    "For now, we need to use a correlation matrix and state array of random values."
   ]
  },
  {
   "cell_type": "code",
   "execution_count": 21,
   "metadata": {},
   "outputs": [
    {
     "name": "stdout",
     "output_type": "stream",
     "text": [
      "['Alabama', -3.6796123889628056, 0.32080001043137457, 9, 0, 0, 0, 0]\n",
      "['Alaska', -2.383600916436566, 0.004550925448961349, 3, 0, 0, 0, 0]\n",
      "['Arizona', 2.5858802632459197, 0.13833910967972807, 11, 0, 0, 0, 0]\n",
      "['Arkansas', -1.0951029355545974, 0.012484083432419527, 6, 0, 0, 0, 0]\n",
      "['California', 4.048112475672933, 0.16973583728935052, 55, 0, 0, 0, 0]\n",
      "['Colorado', -6.3730824385170015, 0.06462231640163897, 9, 0, 0, 0, 0]\n",
      "['Connecticut', 2.2920648599068953, 0.47817096712356627, 7, 0, 0, 0, 0]\n",
      "['Delaware', -4.434214493838555, 0.3772707555519992, 3, 0, 0, 0, 0]\n",
      "['District of Columbia', -2.5297420211501085, 0.44990478978910037, 3, 0, 0, 0, 0]\n",
      "['Florida', -2.756749125382016, 0.8700542491836243, 29, 0, 0, 0, 0]\n",
      "['Georgia', -1.8589064697381656, 0.4945200215777502, 16, 0, 0, 0, 0]\n",
      "['Hawaii', -4.19859242650304, 0.06009110227189707, 4, 0, 0, 0, 0]\n",
      "['Idaho', 3.5286517545393905, 0.39755155299202216, 4, 0, 0, 0, 0]\n",
      "['Illinois', -0.037168593545056305, 0.3986426541202502, 20, 0, 0, 0, 0]\n",
      "['Indiana', -3.7671854806578624, 0.45373855688248893, 11, 0, 0, 0, 0]\n",
      "['Iowa', 2.914412024368775, 0.2577653587529585, 6, 0, 0, 0, 0]\n",
      "['Kansas', -3.1430100047898297, 0.16506897287254516, 6, 0, 0, 0, 0]\n",
      "['Kentucky', -1.003165084159483, 0.6099523607448887, 8, 0, 0, 0, 0]\n",
      "['Louisiana', -3.0602312814358372, 0.3782817280156218, 8, 0, 0, 0, 0]\n",
      "['Maine', -5.260695055674655, 0.006163852882996418, 4, 0, 0, 0, 0]\n",
      "['Maryland', -0.2974516573970445, 0.5809684875056075, 10, 0, 0, 0, 0]\n",
      "['Massachusetts', 0.6396018126144782, 0.1668648401045059, 11, 0, 0, 0, 0]\n",
      "['Michigan', 2.940286726868614, 0.31287085706812506, 16, 0, 0, 0, 0]\n",
      "['Minnesota', -0.5771554536870569, 0.6177109524323182, 10, 0, 0, 0, 0]\n",
      "['Mississippi', 1.1084611554166348, 0.2348518303509339, 6, 0, 0, 0, 0]\n",
      "['Missouri', 1.7875924031726778, 0.484203097362606, 10, 0, 0, 0, 0]\n",
      "['Montana', 3.8023453091924564, 0.07777189558103428, 3, 0, 0, 0, 0]\n",
      "['Nebraska', 3.4201779326506205, 0.9866205446214315, 5, 0, 0, 0, 0]\n",
      "['Nevada', -2.906368784534475, 0.4102577248593626, 6, 0, 0, 0, 0]\n",
      "['New Hampshire', -4.075090382836451, 0.27582359976751053, 4, 0, 0, 0, 0]\n",
      "['New Jersey', 3.2929633040731443, 0.2195348637444103, 14, 0, 0, 0, 0]\n",
      "['New Mexico', 0.8937383721602793, 0.15906103428597362, 5, 0, 0, 0, 0]\n",
      "['New York', -3.038384107127172, 0.0009821619201234612, 29, 0, 0, 0, 0]\n",
      "['North Carolina', 4.611964545138417, 0.032784123378731676, 15, 0, 0, 0, 0]\n",
      "['North Dakota', 4.394154681198906, 0.41203613059799127, 3, 0, 0, 0, 0]\n",
      "['Ohio', 3.319492276741633, 0.8183512494166247, 18, 0, 0, 0, 0]\n",
      "['Oklahoma', 0.05336742441975717, 0.07524642221789625, 7, 0, 0, 0, 0]\n",
      "['Oregon', -3.889130438500863, 8.65734102825805e-05, 7, 0, 0, 0, 0]\n",
      "['Pennsylvania', 2.485360233335533, 0.0051734449580663625, 20, 0, 0, 0, 0]\n",
      "['Rhode Island', -5.009853990885632, 0.7041583348735851, 4, 0, 0, 0, 0]\n",
      "['South Carolina', -4.861249991868781, 0.6800615392706474, 9, 0, 0, 0, 0]\n",
      "['South Dakota', -3.007208780349758, 0.005470382533205882, 3, 0, 0, 0, 0]\n",
      "['Tennessee', 3.168336823214376, 0.769192873963098, 11, 0, 0, 0, 0]\n",
      "['Texas', 3.9864598077932487, 0.15939509157043882, 38, 0, 0, 0, 0]\n",
      "['Utah', -2.7604581273810154, 0.11083733802492421, 6, 0, 0, 0, 0]\n",
      "['Vermont', 3.2794645381498064, 0.24734290505378387, 3, 0, 0, 0, 0]\n",
      "['Virginia', 0.8201416049070106, 0.0009679982083575894, 13, 0, 0, 0, 0]\n",
      "['Washington', 1.7671854134145373, 0.23321510895149208, 12, 0, 0, 0, 0]\n",
      "['West Virginia', -5.0685576479789685, 0.1307821429686835, 5, 0, 0, 0, 0]\n",
      "['Wisconsin', -2.237358157484258, 0.30929999664191676, 10, 0, 0, 0, 0]\n",
      "['Wyoming', -2.4355937076509906, 0.6573529271530604, 3, 0, 0, 0, 0]\n",
      "\n"
     ]
    }
   ],
   "source": [
    "import numpy as np\n",
    "import csv\n",
    "\n",
    "electoral_counts = [0,0]\n",
    "\n",
    "state_names = ['Alabama', 'Alaska', 'Arizona', 'Arkansas', 'California', 'Colorado', 'Connecticut', 'Delaware', 'District of Columbia', 'Florida', 'Georgia', 'Hawaii', 'Idaho', 'Illinois', 'Indiana', 'Iowa', 'Kansas', 'Kentucky', 'Louisiana', 'Maine', 'Maryland', 'Massachusetts', 'Michigan', 'Minnesota', 'Mississippi', 'Missouri', 'Montana', 'Nebraska', 'Nevada', 'New Hampshire', 'New Jersey', 'New Mexico', 'New York', 'North Carolina', 'North Dakota', 'Ohio', 'Oklahoma', 'Oregon', 'Pennsylvania', 'Rhode Island', 'South Carolina', 'South Dakota', 'Tennessee', 'Texas', 'Utah', 'Vermont', 'Virginia', 'Washington', 'West Virginia', 'Wisconsin', 'Wyoming']\n",
    "electoral_votes = [9,3,11,6,55,9,7,3, 3,29,16,4, 4, 20, 11, 6, 6, 8, 8, 4, 10, 11, 16, 10, 6, 10, 3, 5, 6, 4, 14, 5, 29, 15, 3, 18, 7,7, 20, 4, 9, 3, 11, 38, 6, 3, 13, 12, 5, 10, 3]\n",
    "\n",
    "\n",
    "\n",
    "for j in range(len(correlation_matrix)):\n",
    "    for i in range(51):\n",
    "        if j==i:\n",
    "            correlation_matrix[j,i] = 0\n",
    "state_info = []\n",
    "\n",
    "for n in range(51):\n",
    "    state_info.append([state_names[n], np.random.randint(-5,5)+np.random.randn(), np.random.random()**2,electoral_votes[n], 0,0, 0, 0])\n",
    "    print(state_info[n])\n",
    "print()\n"
   ]
  },
  {
   "cell_type": "code",
   "execution_count": 22,
   "metadata": {},
   "outputs": [
    {
     "name": "stdout",
     "output_type": "stream",
     "text": [
      "[[ 0.          0.1109389  -0.44938363 ...  0.67342847  0.21725978\n",
      "   0.3709677 ]\n",
      " [ 0.1109389   0.          0.50276582 ...  0.66603107  0.8998941\n",
      "   0.8498358 ]\n",
      " [-0.44938363  0.50276582  0.         ...  0.12528379  0.35304752\n",
      "   0.45597646]\n",
      " ...\n",
      " [ 0.67342847  0.66603107  0.12528379 ...  0.          0.81455179\n",
      "   0.89461057]\n",
      " [ 0.21725978  0.8998941   0.35304752 ...  0.81455179  0.\n",
      "   0.89309083]\n",
      " [ 0.3709677   0.8498358   0.45597646 ...  0.89461057  0.89309083\n",
      "   0.        ]]\n"
     ]
    }
   ],
   "source": [
    "correlation_matrix = np.array([[0,0.110938902714002,-0.449383633035454,0.872053883567553,-0.785257126452524,-0.305173459154079,-0.497766481274204,-0.0897986664808973,-0.361126815539899,-0.448486938546396,0.714954765964136,-0.288830275861537,0.0837687531633389,-0.211215941386667,0.466222687434902,0.426690402872774,0.386789249603359,0.759942483927186,0.728797975570377,0.171938181233874,-0.176554480725284,-0.449599529032816,0.370339852996719,0.127597364281801,0.896960123411098,0.676290376883314,0.312443874351216,0.232540913032819,-0.517243724452697,-0.0294864085094642,-0.738663360999874,-0.542953508800905,-0.533475179934438,0.832869625821762,0.173189963550561,0.495680490636069,0.759055741215326,0.0753024019034722,0.112722083241785,-0.367170224605306,0.881286948198392,0.417860594133843,0.921590701277497,-0.572394954472984,-0.352394141663606,0.53843763170621,0.487150636962305,0.00914639020205904,0.673428474983946,0.217259777003507,0.370967701946697],\n",
    "[0.110938902714002,0,0.502765817743958,0.0527496713817983,0.0852104938281503,0.815340264204281,0.599912118102676,0.564266770887493,-0.261634793619185,0.421688423811233,-0.234563933785037,0.42248857594756,0.910249485799103,0.630386101748479,0.866417678160272,0.819231765529557,0.793431535365059,0.637703861867817,-0.00212039265938731,0.921075917041267,0.0987941040472542,0.692000597038247,0.809494366628363,0.746547888318556,0.023903547894787,0.696921654628323,0.766718885764811,0.805268217656411,0.374880537127506,0.933911502021809,0.042348856084241,0.0129724882548218,0.414841325176407,0.57848042383655,0.710138895401026,0.752541345365443,0.489157157202639,0.934435022347232,0.72754697149375,0.539199174331579,0.388797122769339,0.792892555070143,0.313078792149868,-0.295242608856832,0.552245702802023,0.831803734664935,0.609688387296238,0.887186756732494,0.666031067672831,0.899894098554168,0.849835802697203],\n",
    "[-0.449383633035454,0.502765817743958,0,-0.329925843168163,0.836215399152655,0.727408004412238,0.387993565500515,-0.107822507258851,-0.394583597574417,0.841858503782512,-0.854947757698747,0.574132199606123,0.560784435160571,0.439258770642508,0.341204547359046,0.245526448542594,0.303000942021838,0.118251315440647,-0.617310511189053,0.346775023602921,-0.310418758498481,0.432343140670797,0.191300208780034,0.185997479133639,-0.589861246689739,0.0652730750946325,0.115846754387126,0.360742247864582,0.898704749907356,0.390466833871439,0.299323138697535,0.734792368067218,0.421657636203776,-0.209548012896691,0.0405621374365806,0.150371238698454,0.183037616997045,0.618000095273332,0.24357955602694,0.461025149385123,-0.379253779980299,0.18269755139041,-0.183950627075573,0.549185220584018,0.439137195060038,0.213505544363537,-0.205367116575612,0.721009704609098,0.125283792519834,0.353047515155792,0.455976459760432],\n",
    "[0.872053883567553,0.0527496713817983,-0.329925843168163,0,-0.717049849905717,-0.179545529777898,-0.367792227559464,-0.149230015138335,-0.58398772438004,-0.480528704284451,0.481332986345714,-0.503770938022303,0.217314361328852,-0.0443671891153316,0.465492809006445,0.552882163048523,0.544385308572575,0.778282206243002,0.512151670699504,0.226348473020635,-0.46179374533797,-0.410849685486764,0.376306869960442,0.28847143231144,0.635176941765342,0.703221433088316,0.45456351794045,0.424725298651018,-0.511296054190646,0.00955180247250067,-0.591521668820509,-0.381722492408293,-0.463709195611766,0.728292920644768,0.325209813298014,0.507968703617932,0.76522821487956,0.136052473421806,0.210904698229418,-0.13564940331896,0.652984379937226,0.560726885978435,0.924030603119068,-0.415497474335663,-0.068382872894294,0.504166226314593,0.450889128009529,-0.00467298504799778,0.771035212969725,0.298373588284268,0.448883203243652],\n",
    "[-0.785257126452524,0.0852104938281503,0.836215399152655,-0.717049849905717,0,0.463463048844322,0.295356114284726,-0.224768027898448,0.00771585883874055,0.761797696264297,-0.834237019301461,0.618121616589257,0.0863975339446447,0.189206016311729,-0.187956538311636,-0.286694873504027,-0.207910862819363,-0.422212343997494,-0.779568260086382,-0.114882720074306,-0.106734761212287,0.328084396884958,-0.262621118577778,-0.194538759995841,-0.804491784273753,-0.453888146891301,-0.322213074171603,-0.122594250285906,0.849904630242083,0.0249852367778059,0.505560021961691,0.772580059551656,0.410924383699158,-0.679389255148998,-0.312998289996984,-0.325436897367463,-0.298689284483382,0.187453302317026,-0.118356820552966,0.281049409894967,-0.740851492274101,-0.3338035720677,-0.63098882521606,0.761596887625773,0.224622070900174,-0.278345330171721,-0.539606410561599,0.334365932302365,-0.433758548312373,-0.118018263537547,-0.0930031696427578],\n",
    "[-0.305173459154079,0.815340264204281,0.727408004412238,-0.179545529777898,0.463463048844322,0,0.768420439122373,0.423778613689505,-0.180746217136662,0.490442244884163,-0.521564437086884,0.577202383811009,0.823601659655002,0.731250585119098,0.608628614321838,0.636938776864467,0.707525686273448,0.358760210876988,-0.492534512342924,0.706739428200076,-0.0188538827301326,0.814257198945931,0.578670571366669,0.716205109948884,-0.517679664909352,0.443063443582053,0.669510457846695,0.756590019827081,0.533827686937266,0.828331591139852,0.434190143081659,0.258357224695412,0.572951195643481,0.141597450521548,0.666151600477072,0.526240055301915,0.284055535213319,0.909990845546841,0.654088629211716,0.749969116576323,-0.13519741596524,0.620734389009045,0.0271380859276788,0.113021009892139,0.752557445028284,0.587900840204507,0.41408510224019,0.82229187370924,0.404983000187041,0.748832891111566,0.606343337812805],\n",
    "[-0.497766481274204,0.599912118102676,0.387993565500515,-0.367792227559464,0.295356114284726,0.768420439122373,0,0.808614292387086,0.280555093687923,0.412025169499592,-0.439846607235811,0.255414367304195,0.658336907999347,0.892261894851623,0.406899770309648,0.458502027173933,0.4421438272741,0.0178797134786436,-0.236348011815845,0.656637173628056,0.442197435507786,0.976222993596307,0.58662681481895,0.771141215210442,-0.524647866999938,0.245430445543266,0.513578875938381,0.619616848006399,0.400993907117753,0.808145377609592,0.781975961989024,-0.0652767002826901,0.895056177762038,0.0386118381688546,0.634923677317374,0.466764573716713,-0.209434705696478,0.642830262661011,0.780169597058143,0.927743842238828,-0.167712551769107,0.463873020695209,-0.266386884038049,-0.212551544114595,0.915037772678299,0.201836513836224,0.475542508979441,0.601483711544676,0.151741696900758,0.675941137165941,0.35343575641529],\n",
    "[-0.0897986664808973,0.564266770887493,-0.107822507258851,-0.149230015138335,-0.224768027898448,0.423778613689505,0.808614292387086,0,0.460290671571148,0.102346939379419,0.0701556869172571,0.0262318850075947,0.518114066831694,0.723605800397544,0.467534504585882,0.481948325735579,0.384994129227296,0.143923876452521,0.313360640296753,0.678198395875071,0.726345722111404,0.812375033752431,0.704638223549419,0.753372825831472,0.0203605456011869,0.396529678602425,0.528993967141734,0.527947189790244,0.0119451234868962,0.766077154627073,0.495276575700007,-0.542477239234752,0.715799247539578,0.399651812920902,0.65422320468643,0.593974226687908,-0.161177181406992,0.468295627985922,0.788163015057485,0.674966152972799,0.315738856605341,0.498965857832944,-0.0338077495527515,-0.709304725378919,0.656380423868462,0.277699799264342,0.725242333862382,0.42848059279261,0.253503146287753,0.668110340732906,0.32863451451078],\n",
    "[-0.361126815539899,-0.261634793619185,-0.394583597574417,-0.58398772438004,0.00771585883874055,-0.180746217136662,0.280555093687923,0.460290671571148,0,-0.0763908371937903,0.297116262530232,0.219321105797758,-0.437281070812358,0.0657729957400439,-0.41340700108435,-0.489028595101671,-0.510648170768083,-0.595149217912357,0.131881894533598,-0.30802336190159,0.895483772757597,0.316026764619508,-0.149189721747667,-0.104573538953536,-0.126789553522157,-0.399496088751572,-0.354471150836162,-0.408602714028274,-0.0945668178357342,-0.109655000192361,0.569373426932163,-0.498448535557114,0.404637633008654,-0.297318615380819,-0.169408394900831,-0.213008035215904,-0.674764704255902,-0.324961964976213,-0.00720029075629578,0.0920945392687796,-0.142042490276332,-0.472128085523984,-0.516778312437258,-0.27256042303942,-0.0239250286908894,-0.494981784269599,0.102191286030824,-0.254779145588764,-0.620987678876091,-0.27979479777343,-0.632764743803089],\n",
    "[-0.448486938546396,0.421688423811233,0.841858503782512,-0.480528704284451,0.761797696264297,0.490442244884163,0.412025169499592,0.102346939379419,-0.0763908371937903,0,-0.767884162383613,0.494219268374665,0.436104646293019,0.495691492580384,0.307174324836931,0.0834966156546783,0.0445615348982486,-0.0364099894661605,-0.253491414801693,0.313001141105178,0.0962118415680191,0.4715504870538,0.255900231981641,0.0971332854558808,-0.387781178855318,-0.028539134271281,-0.146326414924101,0.181585819543255,0.985145536672209,0.334935296812634,0.406941902574526,0.503941870367506,0.633154967472291,-0.168962770684033,-0.186154208841111,0.175286022548486,-0.0530133516016133,0.453349008786443,0.30727577882934,0.458811536392346,-0.205573288693915,-0.00253121215517755,-0.315833140177253,0.257140032403679,0.377455743153087,-0.0263334974946251,-0.202362627198587,0.707721858160197,-0.028458343996556,0.293317904729014,0.35491636898206],\n",
    "[0.714954765964136,-0.234563933785037,-0.854947757698747,0.481332986345714,-0.834237019301461,-0.521564437086884,-0.439846607235811,0.0701556869172571,0.297116262530232,-0.767884162383613,0,-0.212591508446255,-0.392108135236022,-0.397910179257887,-0.0397908116123662,-0.0331517298666468,-0.0447521272307378,0.234091118696197,0.65823294886778,-0.216286895999187,0.2883566663447,-0.390359378232309,0.0253700711689096,-0.0752838940938998,0.741636064553736,0.252087852828366,0.0585202430503747,-0.179990345898159,-0.812989327966032,-0.25626828106153,-0.4491371753363,-0.817849560051253,-0.493009900509285,0.483171529641547,0.0616739785799865,0.120838839333827,0.2302053412255,-0.317123045250757,-0.125395377549571,-0.482224985036177,0.630089152508696,0.0019543021326415,0.509199646024813,-0.599807058196715,-0.505407162850061,0.148192670141932,0.440623294156724,-0.427522712730855,0.130585633970819,-0.163838909984244,-0.244344526364853],\n",
    "[-0.288830275861537,0.42248857594756,0.574132199606123,-0.503770938022303,0.618121616589257,0.577202383811009,0.255414367304195,0.0262318850075947,0.219321105797758,0.494219268374665,-0.212591508446255,0,0.171931503300127,0.158912016259245,0.152330029884966,-0.0239334893910689,0.0843714544565875,0.00188485916146326,-0.451680707734478,0.0652462094468571,0.22306546758908,0.427784093390019,0.0715279555783913,0.0224682419403349,-0.356643704796278,0.00161537906979307,0.00876340307851404,0.048674042336888,0.559450692014017,0.251033850624661,0.263223669489335,0.229773339263801,0.260028321446265,-0.150593875025921,-0.0103708548062467,0.0653005119152339,0.123157232273066,0.456683250010556,0.0635853371190919,0.149724525508564,-0.180760890791716,-0.0711388464178391,-0.172510098552039,0.32377819808822,0.0359386442958319,0.239433773079489,0.0426008060001711,0.518736844078378,-0.138723929160247,0.121939571882639,0.0342876335868344],\n",
    "[0.0837687531633389,0.910249485799103,0.560784435160571,0.217314361328852,0.0863975339446447,0.823601659655002,0.658336907999347,0.518114066831694,-0.437281070812358,0.436104646293019,-0.392108135236022,0.171931503300127,0,0.783698876935631,0.897302046450691,0.914638097935898,0.887027147237825,0.681490673936204,-0.0349792832510897,0.956502700744944,-0.0956357710344008,0.672524415757563,0.857531215275298,0.8576132374808,-0.08610247043484,0.749559313878432,0.814720874523084,0.94313087268147,0.399626493358247,0.920478100432177,0.144001616686538,0.0762220988632633,0.494375178434325,0.554298006534483,0.756194896377889,0.811770498166723,0.509152263136382,0.943169965963635,0.838140736586191,0.719554169803975,0.295350377088877,0.890115845940647,0.366837519124099,-0.257605973198537,0.76039713079706,0.755144525424161,0.586864350848867,0.881871094860899,0.772391122790688,0.962392567060373,0.929888456329958],\n",
    "[-0.211215941386667,0.630386101748479,0.439258770642508,-0.0443671891153316,0.189206016311729,0.731250585119098,0.892261894851623,0.723605800397544,0.0657729957400439,0.495691492580384,-0.397910179257887,0.158912016259245,0.783698876935631,0,0.650699667333981,0.643122314289171,0.610601158542833,0.317675240146758,-0.0134754141686919,0.741336158500063,0.307944359608735,0.865147260608796,0.793437533204768,0.859814947505989,-0.322562383229664,0.517908650009525,0.555297970796565,0.783595293472848,0.466687624819793,0.795294136970065,0.670955581404151,-0.154585115812989,0.881383526731162,0.290044701333836,0.608519233480814,0.725590952673797,0.0959384721609859,0.750674119373583,0.936768381243678,0.976909085531348,0.0726510691700836,0.617984889968351,0.0637126064208343,-0.342169483645722,0.944114218858144,0.311959192082919,0.591673757196418,0.757137921540773,0.433111547397469,0.812774608293473,0.570016883090066],\n",
    "[0.466222687434902,0.866417678160272,0.341204547359046,0.465492809006445,-0.187956538311636,0.608628614321838,0.406899770309648,0.467534504585882,-0.41340700108435,0.307174324836931,-0.0397908116123662,0.152330029884966,0.897302046450691,0.650699667333981,0,0.934831773599922,0.887524908999203,0.887030002284459,0.317719502488421,0.897444025380322,-0.0174383821274091,0.466934395643003,0.943290795490976,0.790661472995831,0.304378494940539,0.930425690792358,0.769437267080072,0.889368615739021,0.239104866612349,0.800779045212474,-0.101697680164523,-0.210287817413575,0.311577319539754,0.830516540779954,0.665174572815426,0.951604124718699,0.735290876260154,0.880347449577846,0.820845095631159,0.5107834630257,0.653835741266668,0.89440213376108,0.669877609994107,-0.503556978953725,0.514289178168526,0.849378274588321,0.738357012669607,0.850993137736904,0.906542897022796,0.935249993890046,0.942572393235808],\n",
    "[0.426690402872774,0.819231765529557,0.245526448542594,0.552882163048523,-0.286694873504027,0.636938776864467,0.458502027173933,0.481948325735579,-0.489028595101671,0.0834966156546783,-0.0331517298666468,-0.0239334893910689,0.914638097935898,0.643122314289171,0.934831773599922,0,0.975769875705351,0.871753200485046,0.201320104293635,0.915867351226761,-0.152066609869844,0.464133050805901,0.895675977784544,0.884976638125622,0.204794087455013,0.92718739839907,0.927076169455234,0.968317019437259,0.0371268314652604,0.829572995462685,-0.0937360194032321,-0.198144242143795,0.239570196589272,0.791093152706038,0.849716447359983,0.902932099714501,0.700713313733791,0.854015301213529,0.814576389028574,0.553581216347121,0.546406302471027,0.994085759343026,0.669652559460301,-0.465267732515132,0.613468295735817,0.875014616768004,0.77029021904944,0.713609014799363,0.942337258791378,0.948963057887228,0.923115705043004],\n",
    "[0.386789249603359,0.793431535365059,0.303000942021838,0.544385308572575,-0.207910862819363,0.707525686273448,0.4421438272741,0.384994129227296,-0.510648170768083,0.0445615348982486,-0.0447521272307378,0.0843714544565875,0.887027147237825,0.610601158542833,0.887524908999203,0.975769875705351,0,0.865266016452722,0.0451477433071687,0.844459841430682,-0.238200995206084,0.453695482912456,0.824890254198597,0.866434603584397,0.0928480245763718,0.906340202999835,0.943802876057669,0.966193867330328,0.0342369608012912,0.790901115044081,-0.0695025339232163,-0.136362939675325,0.18786861151838,0.713954833040513,0.863263863141152,0.852858842946816,0.744928049189031,0.877449924189993,0.758679933779757,0.546872162358922,0.439166288403392,0.973850799863355,0.672584197511159,-0.328617938459395,0.604551759631372,0.894846095720955,0.746730113420135,0.699425106364646,0.914890454885905,0.905739757309505,0.868934654717148],\n",
    "[0.759942483927186,0.637703861867817,0.118251315440647,0.778282206243002,-0.422212343997494,0.358760210876988,0.0178797134786436,0.143923876452521,-0.595149217912357,-0.0364099894661605,0.234091118696197,0.00188485916146326,0.681490673936204,0.317675240146758,0.887030002284459,0.871753200485046,0.865266016452722,0,0.379659283453084,0.668408832834303,-0.291804781678423,0.0700586771109665,0.75816902379044,0.603836066984102,0.510455849177785,0.958776877451651,0.734956632923451,0.766292716320522,-0.0792537635851336,0.515091153782517,-0.44008725181269,-0.264403796538799,-0.119975582052931,0.896375899274175,0.581309857468168,0.842649251109088,0.94302786131754,0.683185471204045,0.563866735952827,0.17899471161343,0.744566878908107,0.84598830257021,0.923424359198416,-0.443833998092401,0.208883287884614,0.886914130988672,0.683022741319712,0.582159629288873,0.971113207835457,0.732004842442256,0.836668548079473],\n",
    "[0.728797975570377,-0.00212039265938731,-0.617310511189053,0.512151670699504,-0.779568260086382,-0.492534512342924,-0.236348011815845,0.313360640296753,0.131881894533598,-0.253491414801693,0.65823294886778,-0.451680707734478,-0.0349792832510897,-0.0134754141686919,0.317719502488421,0.201320104293635,0.0451477433071687,0.379659283453084,0,0.167261699293595,0.381196921034874,-0.217343670192618,0.409606261966529,0.113161503063523,0.890501935165792,0.428038329788508,0.0370400171022874,0.0445505849383157,-0.39750586463825,-0.00543183679131653,-0.365428996472793,-0.757860750516304,-0.0961160523894785,0.702349751701949,0.0058069417749616,0.44049071390329,0.226887246449266,-0.13401861575351,0.247863140825793,-0.18342851262482,0.863875473983705,0.186307552786322,0.524557458896198,-0.868302598111266,-0.216087878694142,0.127887037680498,0.45871626709265,-0.0535078641328863,0.361552968482684,0.162597487237431,0.176142211716028],\n",
    "[0.171938181233874,0.921075917041267,0.346775023602921,0.226348473020635,-0.114882720074306,0.706739428200076,0.656637173628056,0.678198395875071,-0.30802336190159,0.313001141105178,-0.216286895999187,0.0652462094468571,0.956502700744944,0.741336158500063,0.897444025380322,0.915867351226761,0.844459841430682,0.668408832834303,0.167261699293595,0,0.0821840289289085,0.67582699141915,0.904155846122932,0.875605666085515,0.0935576258611067,0.766871165284331,0.837977177604247,0.90355283494071,0.237989043553149,0.955714714318018,0.07917533202675,-0.112694288611261,0.476351198147396,0.666666907441402,0.80328142653478,0.838561440198512,0.436578080767959,0.868894814409786,0.857849093712451,0.652861574478621,0.455184738391565,0.903603229029203,0.374499761194517,-0.476080630423,0.699924484734363,0.765139671346579,0.68853720783144,0.801686059206487,0.769870872216884,0.973628047297351,0.906201912841338],\n",
    "[-0.176554480725284,0.0987941040472542,-0.310418758498481,-0.46179374533797,-0.106734761212287,-0.0188538827301326,0.442197435507786,0.726345722111404,0.895483772757597,0.0962118415680191,0.2883566663447,0.22306546758908,-0.0956357710344008,0.307944359608735,-0.0174383821274091,-0.152066609869844,-0.238200995206084,-0.291804781678423,0.381196921034874,0.0821840289289085,0,0.507189634182975,0.242428537768114,0.17144071208818,0.0889552772833244,-0.0704982377285618,-0.110446115431307,-0.114160027124017,0.0174291118302186,0.224282773402867,0.499745529918856,-0.612780930090512,0.564100452754379,0.060555490533599,0.0403471823700512,0.154834266321079,-0.470160108121705,-0.0273841577623897,0.317704109044215,0.256590331562922,0.192155017478743,-0.154999060233898,-0.312507016759814,-0.570061168633153,0.140228557097768,-0.202111317431555,0.372171228141831,0.076560022170599,-0.298655777933064,0.0868011197015376,-0.250662355171132],\n",
    "[-0.449599529032816,0.692000597038247,0.432343140670797,-0.410849685486764,0.328084396884958,0.814257198945931,0.976222993596307,0.812375033752431,0.316026764619508,0.4715504870538,-0.390359378232309,0.427784093390019,0.672524415757563,0.865147260608796,0.466934395643003,0.464133050805901,0.453695482912456,0.0700586771109665,-0.217343670192618,0.67582699141915,0.507189634182975,0,0.621012351955528,0.748776515874401,-0.465365164863065,0.285990443302322,0.510813306498303,0.607619207851015,0.457375091233916,0.841613291584819,0.73096673021453,-0.0816698111581685,0.87911554704367,0.0937131496324806,0.61487997559072,0.505827732305593,-0.13628651294056,0.710008103764427,0.774362476088709,0.875331761391425,-0.0905125547637856,0.458056071541148,-0.231659387051304,-0.225452034723962,0.83886253025385,0.288496265316905,0.512857047098773,0.689415289504206,0.162525734283508,0.697073835651105,0.38080880130973],\n",
    "[0.370339852996719,0.809494366628363,0.191300208780034,0.376306869960442,-0.262621118577778,0.578670571366669,0.58662681481895,0.704638223549419,-0.149189721747667,0.255900231981641,0.0253700711689096,0.0715279555783913,0.857531215275298,0.793437533204768,0.943290795490976,0.895675977784544,0.824890254198597,0.75816902379044,0.409606261966529,0.904155846122932,0.242428537768114,0.621012351955528,0,0.893988590681719,0.261440550792533,0.890365737050183,0.762234796657203,0.886164456365218,0.17175037475308,0.847443573177203,0.128380439621178,-0.416918207739726,0.512958276197831,0.804066535091292,0.726107331825455,0.981955494344063,0.531343357277039,0.823014447042808,0.94703552089425,0.665062036910315,0.637664612098498,0.867319843242692,0.556892539048674,-0.678420682110785,0.651946258038505,0.715203326884288,0.855032349095727,0.793063560535531,0.812837186113678,0.954217279206484,0.829988381379258],\n",
    "[0.127597364281801,0.746547888318556,0.185997479133639,0.28847143231144,-0.194538759995841,0.716205109948884,0.771141215210442,0.753372825831472,-0.104573538953536,0.0971332854558808,-0.0752838940938998,0.0224682419403349,0.8576132374808,0.859814947505989,0.790661472995831,0.884976638125622,0.866434603584397,0.603836066984102,0.113161503063523,0.875605666085515,0.17144071208818,0.748776515874401,0.893988590681719,0,-0.0554125406946187,0.778350876774651,0.887621355131534,0.943436331751971,0.0614944197268732,0.894170467729629,0.337073693364185,-0.341175873351488,0.569382112064826,0.597093760197394,0.913496202162815,0.860210104470555,0.367659981260599,0.816067645260452,0.94635913196927,0.818848448947821,0.338977021162947,0.894268563732664,0.392093736825993,-0.523372921161829,0.847561633514855,0.653948294239846,0.845974545982449,0.669901606199997,0.714448773846709,0.936961264046407,0.7107982475931],\n",
    "[0.896960123411098,0.023903547894787,-0.589861246689739,0.635176941765342,-0.804491784273753,-0.517679664909352,-0.524647866999938,0.0203605456011869,-0.126789553522157,-0.387781178855318,0.741636064553736,-0.356643704796278,-0.08610247043484,-0.322562383229664,0.304378494940539,0.204794087455013,0.0928480245763718,0.510455849177785,0.890501935165792,0.0935576258611067,0.0889552772833244,-0.465365164863065,0.261440550792533,-0.0554125406946187,0,0.447725105353513,0.0773190442913456,-0.0193977691574247,-0.505504361305387,-0.105558678681684,-0.732796222055588,-0.587098103208857,-0.479312351028558,0.741518331133506,-0.0234458819948973,0.331894405512901,0.461342935826123,-0.140972877561052,-0.00326921335393344,-0.496537719915373,0.905316144193899,0.194704153620984,0.675483383704802,-0.678571682184422,-0.495767865060963,0.322712251013037,0.350117361042106,-0.116941685902249,0.434761725098954,0.066804168814167,0.216491182824569],\n",
    "[0.676290376883314,0.696921654628323,0.0652730750946325,0.703221433088316,-0.453888146891301,0.443063443582053,0.245430445543266,0.396529678602425,-0.399496088751572,-0.028539134271281,0.252087852828366,0.00161537906979307,0.749559313878432,0.517908650009525,0.930425690792358,0.92718739839907,0.906340202999835,0.958776877451651,0.428038329788508,0.766871165284331,-0.0704982377285618,0.285990443302322,0.890365737050183,0.778350876774651,0.447725105353513,0,0.815721212774764,0.858442980047963,-0.0836352290994502,0.655676249758458,-0.220093899403821,-0.427874866320737,0.103851237577917,0.921613529815873,0.714259666574928,0.949292490363395,0.828780854743429,0.748049652815135,0.752779047471427,0.383795676443897,0.750221359480848,0.908471439347796,0.859320608316467,-0.601478857336649,0.398710752952624,0.86358140198712,0.848023723565529,0.637467288490019,0.960478750150177,0.845895250429556,0.827766050466313],\n",
    "[0.312443874351216,0.766718885764811,0.115846754387126,0.45456351794045,-0.322213074171603,0.669510457846695,0.513578875938381,0.528993967141734,-0.354471150836162,-0.146326414924101,0.0585202430503747,0.00876340307851404,0.814720874523084,0.555297970796565,0.769437267080072,0.927076169455234,0.943802876057669,0.734956632923451,0.0370400171022874,0.837977177604247,-0.110446115431307,0.510813306498303,0.762234796657203,0.887621355131534,0.0773190442913456,0.815721212774764,0,0.911629574349139,-0.162456727339213,0.827535095647735,-0.0390639889325736,-0.23160195266307,0.171224586967319,0.668873117815133,0.973473122282097,0.760408899521096,0.570370502642804,0.786432079444603,0.719996336148172,0.518788843534774,0.400551099968719,0.956613242656371,0.552281049082545,-0.402418866813518,0.603148704120725,0.863577117507101,0.791585581774309,0.544560548596168,0.81364201729899,0.866307991939595,0.752071843987273],\n",
    "[0.232540913032819,0.805268217656411,0.360742247864582,0.424725298651018,-0.122594250285906,0.756590019827081,0.619616848006399,0.527947189790244,-0.408602714028274,0.181585819543255,-0.179990345898159,0.048674042336888,0.94313087268147,0.783595293472848,0.889368615739021,0.968317019437259,0.966193867330328,0.766292716320522,0.0445505849383157,0.90355283494071,-0.114160027124017,0.607619207851015,0.886164456365218,0.943436331751971,-0.0193977691574247,0.858442980047963,0.911629574349139,0,0.158588460597204,0.865124209350767,0.138259846632623,-0.136778649519606,0.414493522979273,0.646833159185201,0.865978941331374,0.880585149474793,0.59160455100454,0.898397580044292,0.880386530799508,0.728686915795172,0.363640569862828,0.96173461539736,0.534965126957129,-0.36962265439905,0.775260965396183,0.781675431211508,0.74633891233569,0.760947993941041,0.856121543072033,0.961153342264636,0.870146400134352],\n",
    "[-0.517243724452697,0.374880537127506,0.898704749907356,-0.511296054190646,0.849904630242083,0.533827686937266,0.400993907117753,0.0119451234868962,-0.0945668178357342,0.985145536672209,-0.812989327966032,0.559450692014017,0.399626493358247,0.466687624819793,0.239104866612349,0.0371268314652604,0.0342369608012912,-0.0792537635851336,-0.39750586463825,0.237989043553149,0.0174291118302186,0.457375091233916,0.17175037475308,0.0614944197268732,-0.505504361305387,-0.0836352290994502,-0.162456727339213,0.158588460597204,0,0.28539506156833,0.444783100667301,0.584598463854121,0.602777790417896,-0.27024828392774,-0.200970623198033,0.102807539815242,-0.0554558802543104,0.447079836050735,0.245320217287776,0.457067131811689,-0.329159851113128,-0.0454857217196287,-0.352252035389856,0.392897174827283,0.37639102992254,-0.0514435809422723,-0.261893246818262,0.678606722210615,-0.0806070728472132,0.235836841459749,0.293363219958703],\n",
    "[-0.0294864085094642,0.933911502021809,0.390466833871439,0.00955180247250067,0.0249852367778059,0.828331591139852,0.808145377609592,0.766077154627073,-0.109655000192361,0.334935296812634,-0.25626828106153,0.251033850624661,0.920478100432177,0.795294136970065,0.800779045212474,0.829572995462685,0.790901115044081,0.515091153782517,-0.00543183679131653,0.955714714318018,0.224282773402867,0.841613291584819,0.847443573177203,0.894170467729629,-0.105558678681684,0.655676249758458,0.827535095647735,0.865124209350767,0.28539506156833,0,0.280124879326626,-0.104737838020048,0.599067374593565,0.512793460829382,0.839551098739736,0.762636935629324,0.288782564422348,0.892792243915525,0.858359298230381,0.741867074555181,0.287257871909178,0.825643548878571,0.195297844119541,-0.395783164783497,0.769405638377122,0.707263165448077,0.694245515308504,0.806054457069936,0.610448745347243,0.942297134495006,0.774834147375394],\n",
    "[-0.738663360999874,0.042348856084241,0.299323138697535,-0.591521668820509,0.505560021961691,0.434190143081659,0.781975961989024,0.495276575700007,0.569373426932163,0.406941902574526,-0.4491371753363,0.263223669489335,0.144001616686538,0.670955581404151,-0.101697680164523,-0.0937360194032321,-0.0695025339232163,-0.44008725181269,-0.365428996472793,0.07917533202675,0.499745529918856,0.73096673021453,0.128380439621178,0.337073693364185,-0.732796222055588,-0.220093899403821,-0.0390639889325736,0.138259846632623,0.444783100667301,0.280124879326626,0,-0.0119430040078341,0.869034860315754,-0.431471895877931,0.127802097498625,0.0378206699925002,-0.553973230867671,0.186290308786232,0.420919796934235,0.766594228791146,-0.531473079268826,-0.0966370640092721,-0.573980725573912,0.067256744717925,0.689976225041218,-0.371809472734391,0.0865855245508302,0.236922171472892,-0.349555053957252,0.152307689506802,-0.195145645746371],\n",
    "[-0.542953508800905,0.0129724882548218,0.734792368067218,-0.381722492408293,0.772580059551656,0.258357224695412,-0.0652767002826901,-0.542477239234752,-0.498448535557114,0.503941870367506,-0.817849560051253,0.229773339263801,0.0762220988632633,-0.154585115812989,-0.210287817413575,-0.198144242143795,-0.136362939675325,-0.264403796538799,-0.757860750516304,-0.112694288611261,-0.612780930090512,-0.0816698111581685,-0.416918207739726,-0.341175873351488,-0.587098103208857,-0.427874866320737,-0.23160195266307,-0.136778649519606,0.584598463854121,-0.104737838020048,-0.0119430040078341,0,-0.0707423574529132,-0.581863858574281,-0.299568162317309,-0.457300937761759,-0.104150236458078,0.0490182789379898,-0.376327417672407,-0.0581972088119961,-0.65849762365621,-0.221182931310189,-0.432879530627393,0.876631570537348,-0.00264360136637631,-0.139396382545839,-0.730878953220847,0.115408522311168,-0.241240646870597,-0.196183123053757,0.0574451861846356],\n",
    "[-0.533475179934438,0.414841325176407,0.421657636203776,-0.463709195611766,0.410924383699158,0.572951195643481,0.895056177762038,0.715799247539578,0.404637633008654,0.633154967472291,-0.493009900509285,0.260028321446265,0.494375178434325,0.881383526731162,0.311577319539754,0.239570196589272,0.18786861151838,-0.119975582052931,-0.0961160523894785,0.476351198147396,0.564100452754379,0.87911554704367,0.512958276197831,0.569382112064826,-0.479312351028558,0.103851237577917,0.171224586967319,0.414493522979273,0.602777790417896,0.599067374593565,0.869034860315754,-0.0707423574529132,0,-0.0629733829914386,0.285901206323323,0.397021654130394,-0.325239172714947,0.480024938099579,0.717407193274541,0.888005796983182,-0.173487920392311,0.209546738732466,-0.361886182364591,-0.210514293104869,0.812898699932987,-0.0736308598301992,0.304946769863225,0.58933170456266,-0.0141383817812478,0.511520148979711,0.224722148880246],\n",
    "[0.832869625821762,0.57848042383655,-0.209548012896691,0.728292920644768,-0.679389255148998,0.141597450521548,0.0386118381688546,0.399651812920902,-0.297318615380819,-0.168962770684033,0.483171529641547,-0.150593875025921,0.554298006534483,0.290044701333836,0.830516540779954,0.791093152706038,0.713954833040513,0.896375899274175,0.702349751701949,0.666666907441402,0.060555490533599,0.0937131496324806,0.804066535091292,0.597093760197394,0.741518331133506,0.921613529815873,0.668873117815133,0.646833159185201,-0.27024828392774,0.512793460829382,-0.431471895877931,-0.581863858574281,-0.0629733829914386,0,0.56803777506013,0.856141986305422,0.747724057491996,0.516648664546923,0.599031280614967,0.117511656352043,0.941120378164746,0.77721899274877,0.866670153503624,-0.77834280390382,0.133157195282557,0.783011976022076,0.8059188452787,0.443539710186545,0.881585837801195,0.696544728169643,0.719587172318216],\n",
    "[0.173189963550561,0.710138895401026,0.0405621374365806,0.325209813298014,-0.312998289996984,0.666151600477072,0.634923677317374,0.65422320468643,-0.169408394900831,-0.186154208841111,0.0616739785799865,-0.0103708548062467,0.756194896377889,0.608519233480814,0.665174572815426,0.849716447359983,0.863263863141152,0.581309857468168,0.0058069417749616,0.80328142653478,0.0403471823700512,0.61487997559072,0.726107331825455,0.913496202162815,-0.0234458819948973,0.714259666574928,0.973473122282097,0.865978941331374,-0.200970623198033,0.839551098739736,0.127802097498625,-0.299568162317309,0.285901206323323,0.56803777506013,0,0.699963014671886,0.382245615876195,0.72413597524681,0.741462552905056,0.598240978260553,0.303102725181294,0.892587953676068,0.401897464412244,-0.435072626267384,0.678100163198983,0.746444196406567,0.806069915939494,0.47080154275296,0.684117247630355,0.830352113963877,0.62780912474404],\n",
